Father Child Frequency
17 10  1
20 14  1
21  0  2
21  1  1
21  4  1
21  6  1
21 23  1
22  0  2
22  1  3
22  2  1
22  4  2
22  6  1
22  7  1
22 10  1
22 21  1
23  0  2
23  1  1
23  2  2
23  3  1
23  4  1
23 10  1
23 11  1
23 14  1
23 16  1
23 18  3
23 19  1
23 20  1
23 21  1
23 23  1
23 24  1
24  0  3
24  1  8
24  2  3
24  3  4
24  4  1
24  8  1
24  9  1
24 15  1
24 18  1
24 20  1
24 21  1
24 22  2
24 23  1
25  0  7
25  1  6
25  2  6
25  3  3
25  5  3
25 12  2
25 15  1
25 17  3
25 19  1
25 20  2
25 21  1
25 23  2
26  0 14
26  1  6
26  2  6
26  3  3
26  5  1
26  7  1
26  8  1
26 11  1
26 12  1
26 14  3
26 18  1
26 19  1
26 21  1
26 24  2
27  0  8
27  1  8
27  2  4
27  3  2
27  4  3
27  5  2
27  6  1
27  7  1
27 10  2
27 11  1
27 12  1
27 15  1
27 17  2
27 18  3
27 19  2
27 20  2
27 21  1
27 22  1
27 23  2
27 24  2
28  0 10
28  1 11
28  2  4
28  3  3
28  4  1
28  5  2
28  8  1
28  9  1
28 11  1
28 12  2
28 14  1
28 15  1
28 16  2
28 17  1
28 21  4
28 23  1
28 24  1
29  0  6
29  1 10
29  2  3
29  3  2
29 10  1
29 12  1
29 14  1
29 16  4
29 17  1
29 20  3
29 21  3
29 22  3
29 23  3
29 24  2
30
0 9
1 10
2 4
3 2
4 1
6 3
10 1
11 1
12 1
13 1
16 1
18 1
20 5
21 3
22 1
24 4
31
0 7
1 9
2 3
3 3
4 3
6 1
8 1
10 1
11 2
12 1
15 1
17 1
18 1
19 2
20 1
21 1
23 2
24 3
32
0 12
1 9
2 1
3 4
4 1
5 2
6 3
7 1
9 3
10 1
12 1
13 1
17 1
18 3
19 3
20 4
21 2
22 1
23 2
33
0 7
1 9
2 4
4 1
5 3
6 2
8 1
9 2
10 1
12 2
13 1
14 1
15 2
18 1
20 3
22 3
23 1
34
0 14
1 3
2 9
3 2
4 2
6 1
10 2
12 1
13 1
15 1
17 1
18 2
19 3
20 2
22 3
23 2
24 5
35
0 7
1 9
2 4
3 3
4 1
6 1
7 1
13 1
14 2
15 3
16 1
17 2
18 1
19 2
20 3
22 3
23 2
24 4
36
0 9
1 12
2 3
3 1
4 2
6 2
7 2
12 1
16 2
18 2
20 3
21 2
22 3
23 1
24 2
37
0 10
1 10
2 5
3 1
4 2
5 2
11 1
12 1
15 2
16 1
17 1
18 2
19 1
20 1
21 2
23 4
24 1
38
0 12
1 8
2 3
3 5
4 1
6 1
11 2
12 1
13 2
14 1
16 3
17 2
19 3
22 2
23 3
24 3
39
0 13
1 8
2 2
3 1
4 4
7 2
8 2
9 1
11 1
15 1
19 2
21 1
22 2
23 2
24 3
40
0 16
1 8
2 6
3 2
4 1
5 2
6 2
8 1
10 2
21 3
22 2
23 2
41 
0 11
1 14
2 4
3 1
5 2
8 1
13 1
16 1
18 1
21 1
22 2
23 3
24 2
42
0 3
1 5
2 8
3 4
4 1
5 3
9 2
11 1
12 1
16 1
18 1
19 3
20 2
21 1
23 1
43
0 4
1 5
2 7
3 1
4 2
6 1
7 3
8 1
9 2
14 1
15 1
18 2
20 3
21 1
24 1
44
0 7
1 6
2 1
3 4
7 2
9 1
12 1
13 1
15 1
17 1
18 1
21 1
24 2
45
0 3
1 10
2 3
3 1
4 2
5 2
7 3
8 1
11 1
14 1
18 1
19 1
21 1
46
0 3
1 4
2 2
3 1
4 1
5 6
7 1
10 1
13 1
17 1
18 1
19 1
21 1
24 1
47
0 4
1 5
2 3
3 1
4 1
5 2
6 1
11 1
16 1
21 1
23 1
48
0 4
1 1
2 1
4 1
5 4
6 1
9 1
13 1
20 1
23 1
24 1
49
0 3
1 1
3 3
4 1
5 1
12 1
20 1
21 1
22 1
23 3
50
0 2
1 2
2 1
3 1
5 1
12 1
16 1
18 1
19 2
23 1
51
0 1
1 1
2 1
3 1
4 1
6 1
18 1
19 1
52
0 1
3 1
4 1
6 1
9 1
53
0 1
1 1
2 1
8 2
15 2
18 1
23 1
54
0 2
1 2
19 2
55
0 1
1 1
3 1
6 1
7 1
23 1
56
23 1
57
1 2
5 1
22 1
58
1 1
3 1
59
0 1
21 1
60
21 1
61
0 1
22 1
62
63
64
0 1
1 1
65
66
67
68
69
70
71
72
73
74
4 1
75
76
8 1
77
78
79
13
21
32 1
39 1
42 1
44 1
22
33 1
37 1
42 1
48 2
23 
25 2
28 1
29 1
39 2
41 1
42 1
43 1
44 1
48 1
24
25 1
27 3
28 1
35 1
39 1
40 1
42 1
44 1
46 1
48 2
25
28 2
30 1
31 4
33 4
34 2
35 1
36 1
39 2
40 1
41 1
42 3
44 1
47 1
49 1
26
25 2
26 1
27 1
28 2
30 1
31 1
32 1
34 2
35 1
36 3
37 2
40 1
41 2
44 1
45 2
46 1
47 1
27
25 1
26 1
27 1
29 1
31 2
32 1
33 1
34 2
35 2
37 2
38 1
41 3
42 1
44 1
45 3
46 1
47 2
28
29 1
30 3
31 7
32 2
33 1
35 2
36 2
37 2
38 1
39 1
40 1
41 3
44 1
45 2
46 1
47 3
29
25 2
26 4
28 2
29 2
30 3
31 2
32 3
33 2
34 1
38 2
39 1
40 3
42 1
43 2
44 1
45 2
47 1
48 1
49 2
30
26 2
27 1
31 4
32 2
33 1
35 1
36 2
37 1
38 2
39 2
40 1
41 2
43 1
44 4
46 4
47 3
48 3
49 5
31
25 4
26 1
27 1
28 1
30 3
31 2
32 1
34 1
35 2
36 2
37 3
39 1
41 2
42 2
45 3
46 1
49 3
32
25 2
26 2
27 2
28 3
29 2
30 1
36 2
38 5
40 4
41 1
43 1
45 2
46 1
48 5
49 1
33
25 3
26 1
27 2
28 1
29 2
30 3
31 1
32 2
33 6
34 2
35 2
36 1
37 4
40 1
41 2
43 2
46 2
48 2
34
25 1
26 1
27 1
28 3
29 2
30 2
31 3
33 2
34 1
35 2
36 2
37 1
38 1
39 1
40 1
41 1
42 5
43 2
44 1
45 1
46 1
47 2
48 2
49 1
35
25 3
26 4
28 1
29 1
31 1
32 2
34 1
35 1
36 2
37 1
39 2
43 1
44 2
47 3
48 2
36
25 3
26 3
27 5
28 2
29 4
30 2
32 1
34 1
35 2
36 3
38 2
39 2
40 1
41 1
42 1
43 1
44 1
45 2
46 1
47 2
48 1
49 1
37
25 1
28 2
30 3
32 3
38 2
39 3
40 1
41 1
42 1
43 1
44 1
45 1
48 1
38 
25 1
26 2
27 1
28 1
29 1
30 1
31 2
32 2
35 1
36 1
37 2
38 2
39 1
40 1
41 1
43 3
45 1
46 1
47 2
48 1
49 3
39
25 2
26 2
27 4
28 2
29 2
31 1
32 4
33 2
34 2
35 1
36 1
39 2
40 1
41 2
42 1
44 1
45 2
47 1
48 1
49 1
40
25 2
27 1
28 2
29 2
31 1
32 1
34 1
36 1
37 1
39 1
40 1
41 1
42 1
44 1
45 1
47 1
49 1
41
25 1
26 2
27 1
29 2
30 1
33 1
34 1
35 1
36 2
37 1
38 1
39 1
40 1
41 2
42 1
44 1
45 1
46 1
48 1
49 2
42
25 1
27 3
28 1
32 2
34 2
36 2
37 3
39 1
41 2
43 1
44 1
45 4
46 1
47 2
49 1
43
25 1
26 1
29 1
30 1
31 1
32 1
35 2
40 1
43 1
45 1
46 3
48 2
44
26 1
27 1
28 1
29 2
32 1
33 1
37 2
38 1
40 1
43 1
44 2
45 1
49 1
45
26 1
28 1
32 2
34 1
35 1
36 1
37 1
38 1
39 1
40 2
45 1
49 2
46
25 1
26 1
27 1
28 1
29 1
33 1
34 1
35 1
36 1
37 1
44 1
46 1
47
29 1
30 5
38 1
40 1
41 1
43 2
45 1
47 1
48
25 1
26 3
28 3
29 1
33 1
34 1
37 2
38 1
41 2
45 1
49
27 1
30 1
31 1
41 1
47 1
48 1
50
26 2
37 1
38 1
43 1
45 1
49 1
51
25 1
29 2
31 1
33 1
35 1
37 1
39 1
42 1
49 1
52
26 1
32 1
53
42 1
54
57
46 1
58
30 1
33 1
66
47 1
67
26 1
19
71 1
20
59 1
65 1
66 1
74 1
21
52 1
57 1
60 1
66 2
73 1
74 1
22
50 1
53 1
55 1
56 1
57 1
62 1
64 1
70 1
71 1
23
50 1
53 2
54 1
55 1
56 1
58 1
59 1
62 2
63 1
66 1
68 1
69 2
72 1
74 1
24
50 2
53 4
55 1
57 1
59 1
61 1
62 1
64 1
65 1
66 1
68 4
70 1
73 3
25
50 1
51 3
55 1
57 1
59 2
60 4
61 2
63 1
64 1
65 1
70 2
71 2
73 1
26
50 1
53 1
54 1
55 2
56 4
57 1
58 1
59 1
62 3
63 2
65 1
66 3
67 2
70 1
71 4
72 1
73 2
74 1
27
50 3
51 5
52 3
54 1
56 1
57 2
58 2
60 1
61 3
62 3
63 2
65 2
66 1
69 4
70 2
71 2
74 1
28
50 2
51 1
53 2
54 2
55 3
57 2
58 1
59 2
60 2
61 3
62 2
64 2
66 1
67 2
68 6
69 1
70 2
71 1
72 1
73 4
29
50 3
51 2
52 1
54 1
55 2
56 1
57 1
58 3
59 3
60 3
63 1
64 1
65 2
66 1
70 1
71 3
73 2
74 1
30
50 1
51 3
52 1
53 3
54 1
55 1
56 2
58 2
60 1
62 2
63 2
64 4
65 2
66 1
68 1
69 1
71 1
72 1
73 1
31
50 1
51 1
52 1
54 2
56 1
58 1
60 1
62 2
64 1
65 1
66 1
70 3
73 2
74 2
32
50 2
51 2
52 3
54 2
55 1
56 2
57 1
58 1
59 1
60 1
61 1
64 1
65 3
66 1
67 2
69 2
70 2
71 2
72 1
73 1
74 1
33
50 1
51 1
52 1
53 2
54 1
57 1
58 1
61 3
63 2
64 1
65 1
66 4
67 1
68 1
69 1
70 1
34
50 2
51 2
52 1
57 1
58 1
61 1
62 2
65 1
66 1
70 1
71 2
72 2
73 3
74 2
35
51 1
54 3
56 1
57 2
58 2
59 1
62 3
63 2
64 1
65 1
66 1
67 2
69 3
70 1
71 4
72 1
74 1
36
50 1
51 1
53 1
54 1
55 2
56 3
57 2
58 2
59 1
64 2
66 1
67 3
68 1
69 1
70 2
71 1
72 2
73 1
37
52 1
53 1
54 1
58 1
60 1
62 2
63 1
65 1
68 3
70 1
71 1
73 3
74 2
38
51 2
52 1
54 1
55 1
59 1
60 3
61 2
62 1
67 2
68 1
70 2
71 1
72 2
73 1
74 2
39
50 1
51 1
53 1
57 1
58 1
61 1
62 2
67 1
68 1
69 1
71 1
72 1
73 2
74 1
40
50 1
53 1
54 1
55 1
57 1
59 1
60 1
62 2
64 1
69 1
72 2
41
50 1
51 1
53 2
60 5
62 1
64 1
67 2
68 1
69 1
72 1
73 1
74 1
42
52 1
54 1
56 2
57 1
59 2
61 1
66 1
68 1
70 1
72 1
74 1
43
50 1
51 1
52 1
53 1
54 1
56 3
59 2
62 1
63 1
65 1
66 3
68 2
71 1
73 1
44
52 1
54 1
60 1
64 1
65 1
66 1
74 1
45
54 2
55 1
56 1
57 1
61 1
65 1
68 1
69 1
70 1
74 1
46
51 1
53 1
61 1
63 1
64 1
70 1
47
51 1
55 1
59 1
63 2
64 1
71 1
72 1
73 1
48
50 1
53 1
56 1
68 2
74 1
49
50 1
55 1
64 1
70 3
71 1
50
50 1
51 1
55 1
58 1
59 1
51
53 1
60 1
64 1
65 1
67 1
52
74 1
53
59 1
60 1
63 1
68 1
69 1
54
55
55 1
62 1
66 1
56
56 1
73 1
57
50 1
70 1
58
54 1
19
93 1
21
75 1
22
80 1
81 1
23
76 2
77 1
80 3
82 1
83 2
89 1
24
80 1
81 1
84 2
85 1
86 1
25
75 1
76 2
77 1
78 1
79 3
80 1
81 3
82 1
87 2
88 1
89 1
26
78 1
80 2
81 2
82 1
84 3
85 2
94 1
96 1
27
78 2
80 1
81 1
82 2
83 1
85 2
87 1
88 1
90 1
95 1
97 1
28
76 1
77 1
78 1
80 2
82 1
83 1
89 1
29
75 1
76 4
77 1
81 1
82 1
83 1
84 2
85 3
86 2
87 1
91 2
30
75 1
76 2
78 1
79 1
80 1
81 1
83 2
85 2
88 1
90 1
94 1
95 1
31
75 2
76 1
78 2
79 2
80 2
81 3
82 3
83 1
85 1
86 1
87 1
92 1
101 1
32
77 4
78 1
79 1
80 1
84 2
86 3
89 2
93 1
95 1
33
76 3
78 1
79 1
80 3
81 3
84 1
89 2
90 1
91 1
34
75 1
76 1
77 3
78 1
80 1
81 3
83 1
88 1
90 1
91 1
35
76 2
78 2
79 1
80 2
83 3
85 1
87 2
89 1
90 1
36
77 2
78 1
79 1
81 2
83 1
84 3
92 1
37
75 1
76 1
78 1
80 3
81 3
83 1
84 1
90 1
38
79 1
83 1
85 1
89 1
39
76 1
77 1
79 5
80 1
81 2
82 1
83 1
84 1
86 1
91 1
93 2
40
75 1
76 1
78 1
85 1
86 2
88 1
89 1
91 1
96 1
41 
76 1
79 2
81 3
82 1
84 1
87 1
92 1
42
77 1
78 1
80 1
82 2
88 1
89 1
90 1
43
77 1
78 1
85 1
86 1
89 1
44
76 2
77 1
81 3
82 3
45
75 1
76 1
77 1
78 1
79 1
80 1
83 1
88 1
46
77 2
82 1
83 1
86 1
89 1
47
77 1
79 1
81 1
92 1
48
83 1
89 1
49
81 1
83 1
85 1
86 1
87 1
50
79 3
87 1
51 
78 1
79 1
88 1
52
75 1
76 1
85 1
53
81 1
86 1
54
91 1
62
81 1
