Father Child Frequency
17 10 1
20 14 1
21 0 2
21 1 1
21 4 1
21 6 1
21 23 1
22 0 2
22 1 3
22 2 1
22 4 2
22 6 1
22 7 1
22 10 1
22 21 1
23 0 2
23 1 1
23 2 2
23 3 1
23 4 1
23 10 1
23 11 1
23 14 1
23 16 1
23 18 3
23 19 1
23 20 1
23 21 1
23 23 1
23 24 1
24 0 3
24 1 8
24 2 3
24 3 4
24 4 1
24 8 1
24 9 1
24 15 1
24 18 1
24 20 1
24 21 1
24 22 2
24 23 1
25 0 7
25 1 6
25 2 6
25 3 3
25 5 3
25 12 2
25 15 1
25 17 3
25 19 1
25 20 2
25 21 1
25 23 2
26 0 14
26 1 6
26 2 6
26 3 3
26 5 1
26 7 1
26 8 1
26 11 1
26 12 1
26 14 3
26 18 1
26 19 1
26 21 1
26 24 2
27 0 8
27 1 8
27 2 4
27 3 2
27 4 3
27 5 2
27 6 1
27 7 1
27 10 2
27 11 1
27 12 1
27 15 1
27 17 2
27 18 3
27 19 2
27 20 2
27 21 1
27 22 1
27 23 2
27 24 2
28 0 10
28 1 11
28 2 4
28 3 3
28 4 1
28 5 2
28 8 1
28 9 1
28 11 1
28 12 2
28 14 1
28 15 1
28 16 2
28 17 1
28 21 4
28 23 1
28 24 1
29 0 6
29 1 10
29 2 3
29 3 2
29 10 1
29 12 1
29 14 1
29 16 4
29 17 1
29 20 3
29 21 3
29 22 3
29 23 3
29 24 2
30 0 9
30 1 10
30 2 4
30 3 2
30 4 1
30 6 3
30 10 1
30 11 1
30 12 1
30 13 1
30 16 1
30 18 1
30 20 5
30 21 3
30 22 1
30 24 4
31 0 7
31 1 9
31 2 3
31 3 3
31 4 3
31 6 1
31 8 1
31 10 1
31 11 2
31 12 1
31 15 1
31 17 1
31 18 1
31 19 2
31 20 1
31 21 1
31 23 2
31 24 3
32 0 12
32 1 9
32 2 1
32 3 4
32 4 1
32 5 2
32 6 3
32 7 1
32 9 3
32 10 1
32 12 1
32 13 1
32 17 1
32 18 3
32 19 3
32 20 4
32 21 2
32 22 1
32 23 2
33 0 7
33 1 9
33 2 4
33 4 1
33 5 3
33 6 2
33 8 1
33 9 2
33 10 1
33 12 2
33 13 1
33 14 1
33 15 2
33 18 1
33 20 3
33 22 3
33 23 1
34 0 14
34 1 3
34 2 9
34 3 2
34 4 2
34 6 1
34 10 2
34 12 1
34 13 1
34 15 1
34 17 1
34 18 2
34 19 3
34 20 2
34 22 3
34 23 2
34 24 5
35 0 7
35 1 9
35 2 4
35 3 3
35 4 1
35 6 1
35 7 1
35 13 1
35 14 2
35 15 3
35 16 1
35 17 2
35 18 1
35 19 2
35 20 3
35 22 3
35 23 2
35 24 4
36 0 9
36 1 12
36 2 3
36 3 1
36 4 2
36 6 2
36 7 2
36 12 1
36 16 2
36 18 2
36 20 3
36 21 2
36 22 3
36 23 1
36 24 2
37 0 10
37 1 10
37 2 5
37 3 1
37 4 2
37 5 2
37 11 1
37 12 1
37 15 2
37 16 1
37 17 1
37 18 2
37 19 1
37 20 1
37 21 2
37 23 4
37 24 1
38 0 12
38 1 8
38 2 3
38 3 5
38 4 1
38 6 1
38 11 2
38 12 1
38 13 2
38 14 1
38 16 3
38 17 2
38 19 3
38 22 2
38 23 3
38 24 3
39 0 13
39 1 8
39 2 2
39 3 1
39 4 4
39 7 2
39 8 2
39 9 1
39 11 1
39 15 1
39 19 2
39 21 1
39 22 2
39 23 2
39 24 3
40 0 16
40 1 8
40 2 6
40 3 2
40 4 1
40 5 2
40 6 2
40 8 1
40 10 2
40 21 3
40 22 2
40 23 2
41 0 11
41 1 14
41 2 4
41 3 1
41 5 2
41 8 1
41 13 1
41 16 1
41 18 1
41 21 1
41 22 2
41 23 3
41 24 2
42 0 3
42 1 5
42 2 8
42 3 4
42 4 1
42 5 3
42 9 2
42 11 1
42 12 1
42 16 1
42 18 1
42 19 3
42 20 2
42 21 1
42 23 1
43 0 4
43 1 5
43 2 7
43 3 1
43 4 2
43 6 1
43 7 3
43 8 1
43 9 2
43 14 1
43 15 1
43 18 2
43 20 3
43 21 1
43 24 1
44 0 7
44 1 6
44 2 1
44 3 4
44 7 2
44 9 1
44 12 1
44 13 1
44 15 1
44 17 1
44 18 1
44 21 1
44 24 2
45 0 3
45 1 10
45 2 3
45 3 1
45 4 2
45 5 2
45 7 3
45 8 1
45 11 1
45 14 1
45 18 1
45 19 1
45 21 1
46 0 3
46 1 4
46 2 2
46 3 1
46 4 1
46 5 6
46 7 1
46 10 1
46 13 1
46 17 1
46 18 1
46 19 1
46 21 1
46 24 1
47 0 4
47 1 5
47 2 3
47 3 1
47 4 1
47 5 2
47 6 1
47 11 1
47 16 1
47 21 1
47 23 1
48 0 4
48 1 1
48 2 1
48 4 1
48 5 4
48 6 1
48 9 1
48 13 1
48 20 1
48 23 1
48 24 1
49 0 3
49 1 1
49 3 3
49 4 1
49 5 1
49 12 1
49 20 1
49 21 1
49 22 1
49 23 3
50 0 2
50 1 2
50 2 1
50 3 1
50 5 1
50 12 1
50 16 1
50 18 1
50 19 2
50 23 1
51 0 1
51 1 1
51 2 1
51 3 1
51 4 1
51 6 1
51 18 1
51 19 1
52 0 1
52 3 1
52 4 1
52 6 1
52 9 1
53 0 1
53 1 1
53 2 1
53 8 2
53 15 2
53 18 1
53 23 1
54 0 2
54 1 2
54 19 2
55 0 1
55 1 1
55 3 1
55 6 1
55 7 1
55 23 1
56 23 1
57 1 2
57 5 1
57 22 1
58 1 1
58 3 1
59 0 1
59 21 1
60 21 1
61 0 1
61 22 1
64 0 1
64 1 1
74 4 1
76 8 1
21 32 1
21 39 1
21 42 1
21 44 1
22 33 1
22 37 1
22 42 1
22 48 2
23 25 2
23 28 1
23 29 1
23 39 2
23 41 1
23 42 1
23 43 1
23 44 1
23 48 1
24 25 1
24 27 3
24 28 1
24 35 1
24 39 1
24 40 1
24 42 1
24 44 1
24 46 1
24 48 2
25 28 2
25 30 1
25 31 4
25 33 4
25 34 2
25 35 1
25 36 1
25 39 2
25 40 1
25 41 1
25 42 3
25 44 1
25 47 1
25 49 1
26 25 2
26 26 1
26 27 1
26 28 2
26 30 1
26 31 1
26 32 1
26 34 2
26 35 1
26 36 3
26 37 2
26 40 1
26 41 2
26 44 1
26 45 2
26 46 1
26 47 1
27 25 1
27 26 1
27 27 1
27 29 1
27 31 2
27 32 1
27 33 1
27 34 2
27 35 2
27 37 2
27 38 1
27 41 3
27 42 1
27 44 1
27 45 3
27 46 1
27 47 2
28 29 1
28 30 3
28 31 7
28 32 2
28 33 1
28 35 2
28 36 2
28 37 2
28 38 1
28 39 1
28 40 1
28 41 3
28 44 1
28 45 2
28 46 1
28 47 3
29 25 2
29 26 4
29 28 2
29 29 2
29 30 3
29 31 2
29 32 3
29 33 2
29 34 1
29 38 2
29 39 1
29 40 3
29 42 1
29 43 2
29 44 1
29 45 2
29 47 1
29 48 1
29 49 2
30 26 2
30 27 1
30 31 4
30 32 2
30 33 1
30 35 1
30 36 2
30 37 1
30 38 2
30 39 2
30 40 1
30 41 2
30 43 1
30 44 4
30 46 4
30 47 3
30 48 3
30 49 5
31 25 4
31 26 1
31 27 1
31 28 1
31 30 3
31 31 2
31 32 1
31 34 1
31 35 2
31 36 2
31 37 3
31 39 1
31 41 2
31 42 2
31 45 3
31 46 1
31 49 3
32 25 2
32 26 2
32 27 2
32 28 3
32 29 2
32 30 1
32 36 2
32 38 5
32 40 4
32 41 1
32 43 1
32 45 2
32 46 1
32 48 5
32 49 1
33 25 3
33 26 1
33 27 2
33 28 1
33 29 2
33 30 3
33 31 1
33 32 2
33 33 6
33 34 2
33 35 2
33 36 1
33 37 4
33 40 1
33 41 2
33 43 2
33 46 2
33 48 2
34 25 1
34 26 1
34 27 1
34 28 3
34 29 2
34 30 2
34 31 3
34 33 2
34 34 1
34 35 2
34 36 2
34 37 1
34 38 1
34 39 1
34 40 1
34 41 1
34 42 5
34 43 2
34 44 1
34 45 1
34 46 1
34 47 2
34 48 2
34 49 1
35 25 3
35 26 4
35 28 1
35 29 1
35 31 1
35 32 2
35 34 1
35 35 1
35 36 2
35 37 1
35 39 2
35 43 1
35 44 2
35 47 3
35 48 2
36 25 3
36 26 3
36 27 5
36 28 2
36 29 4
36 30 2
36 32 1
36 34 1
36 35 2
36 36 3
36 38 2
36 39 2
36 40 1
36 41 1
36 42 1
36 43 1
36 44 1
36 45 2
36 46 1
36 47 2
36 48 1
36 49 1
37 25 1
37 28 2
37 30 3
37 32 3
37 38 2
37 39 3
37 40 1
37 41 1
37 42 1
37 43 1
37 44 1
37 45 1
37 48 1
38 25 1
38 26 2
38 27 1
38 28 1
38 29 1
38 30 1
38 31 2
38 32 2
38 35 1
38 36 1
38 37 2
38 38 2
38 39 1
38 40 1
38 41 1
38 43 3
38 45 1
38 46 1
38 47 2
38 48 1
38 49 3
39 25 2
39 26 2
39 27 4
39 28 2
39 29 2
39 31 1
39 32 4
39 33 2
39 34 2
39 35 1
39 36 1
39 39 2
39 40 1
39 41 2
39 42 1
39 44 1
39 45 2
39 47 1
39 48 1
39 49 1
40 25 2
40 27 1
40 28 2
40 29 2
40 31 1
40 32 1
40 34 1
40 36 1
40 37 1
40 39 1
40 40 1
40 41 1
40 42 1
40 44 1
40 45 1
40 47 1
40 49 1
41 25 1
41 26 2
41 27 1
41 29 2
41 30 1
41 33 1
41 34 1
41 35 1
41 36 2
41 37 1
41 38 1
41 39 1
41 40 1
41 41 2
41 42 1
41 44 1
41 45 1
41 46 1
41 48 1
41 49 2
42 25 1
42 27 3
42 28 1
42 32 2
42 34 2
42 36 2
42 37 3
42 39 1
42 41 2
42 43 1
42 44 1
42 45 4
42 46 1
42 47 2
42 49 1
43 25 1
43 26 1
43 29 1
43 30 1
43 31 1
43 32 1
43 35 2
43 40 1
43 43 1
43 45 1
43 46 3
43 48 2
44 26 1
44 27 1
44 28 1
44 29 2
44 32 1
44 33 1
44 37 2
44 38 1
44 40 1
44 43 1
44 44 2
44 45 1
44 49 1
45 26 1
45 28 1
45 32 2
45 34 1
45 35 1
45 36 1
45 37 1
45 38 1
45 39 1
45 40 2
45 45 1
45 49 2
46 25 1
46 26 1
46 27 1
46 28 1
46 29 1
46 33 1
46 34 1
46 35 1
46 36 1
46 37 1
46 44 1
46 46 1
47 29 1
47 30 5
47 38 1
47 40 1
47 41 1
47 43 2
47 45 1
47 47 1
48 25 1
48 26 3
48 28 3
48 29 1
48 33 1
48 34 1
48 37 2
48 38 1
48 41 2
48 45 1
49 27 1
49 30 1
49 31 1
49 41 1
49 47 1
49 48 1
50 26 2
50 37 1
50 38 1
50 43 1
50 45 1
50 49 1
51 25 1
51 29 2
51 31 1
51 33 1
51 35 1
51 37 1
51 39 1
51 42 1
51 49 1
52 26 1
52 32 1
53 42 1
57 46 1
58 30 1
58 33 1
66 47 1
67 26 1
19 71 1
20 59 1
20 65 1
20 66 1
20 74 1
21 52 1
21 57 1
21 60 1
21 66 2
21 73 1
21 74 1
22 50 1
22 53 1
22 55 1
22 56 1
22 57 1
22 62 1
22 64 1
22 70 1
22 71 1
23 50 1
23 53 2
23 54 1
23 55 1
23 56 1
23 58 1
23 59 1
23 62 2
23 63 1
23 66 1
23 68 1
23 69 2
23 72 1
23 74 1
24 50 2
24 53 4
24 55 1
24 57 1
24 59 1
24 61 1
24 62 1
24 64 1
24 65 1
24 66 1
24 68 4
24 70 1
24 73 3
25 50 1
25 51 3
25 55 1
25 57 1
25 59 2
25 60 4
25 61 2
25 63 1
25 64 1
25 65 1
25 70 2
25 71 2
25 73 1
26 50 1
26 53 1
26 54 1
26 55 2
26 56 4
26 57 1
26 58 1
26 59 1
26 62 3
26 63 2
26 65 1
26 66 3
26 67 2
26 70 1
26 71 4
26 72 1
26 73 2
26 74 1
27 50 3
27 51 5
27 52 3
27 54 1
27 56 1
27 57 2
27 58 2
27 60 1
27 61 3
27 62 3
27 63 2
27 65 2
27 66 1
27 69 4
27 70 2
27 71 2
27 74 1
28 50 2
28 51 1
28 53 2
28 54 2
28 55 3
28 57 2
28 58 1
28 59 2
28 60 2
28 61 3
28 62 2
28 64 2
28 66 1
28 67 2
28 68 6
28 69 1
28 70 2
28 71 1
28 72 1
28 73 4
29 50 3
29 51 2
29 52 1
29 54 1
29 55 2
29 56 1
29 57 1
29 58 3
29 59 3
29 60 3
29 63 1
29 64 1
29 65 2
29 66 1
29 70 1
29 71 3
29 73 2
29 74 1
30 50 1
30 51 3
30 52 1
30 53 3
30 54 1
30 55 1
30 56 2
30 58 2
30 60 1
30 62 2
30 63 2
30 64 4
30 65 2
30 66 1
30 68 1
30 69 1
30 71 1
30 72 1
30 73 1
31 50 1
31 51 1
31 52 1
31 54 2
31 56 1
31 58 1
31 60 1
31 62 2
31 64 1
31 65 1
31 66 1
31 70 3
31 73 2
31 74 2
32 50 2
32 51 2
32 52 3
32 54 2
32 55 1
32 56 2
32 57 1
32 58 1
32 59 1
32 60 1
32 61 1
32 64 1
32 65 3
32 66 1
32 67 2
32 69 2
32 70 2
32 71 2
32 72 1
32 73 1
32 74 1
33 50 1
33 51 1
33 52 1
33 53 2
33 54 1
33 57 1
33 58 1
33 61 3
33 63 2
33 64 1
33 65 1
33 66 4
33 67 1
33 68 1
33 69 1
33 70 1
34 50 2
34 51 2
34 52 1
34 57 1
34 58 1
34 61 1
34 62 2
34 65 1
34 66 1
34 70 1
34 71 2
34 72 2
34 73 3
34 74 2
35 51 1
35 54 3
35 56 1
35 57 2
35 58 2
35 59 1
35 62 3
35 63 2
35 64 1
35 65 1
35 66 1
35 67 2
35 69 3
35 70 1
35 71 4
35 72 1
35 74 1
36 50 1
36 51 1
36 53 1
36 54 1
36 55 2
36 56 3
36 57 2
36 58 2
36 59 1
36 64 2
36 66 1
36 67 3
36 68 1
36 69 1
36 70 2
36 71 1
36 72 2
36 73 1
37 52 1
37 53 1
37 54 1
37 58 1
37 60 1
37 62 2
37 63 1
37 65 1
37 68 3
37 70 1
37 71 1
37 73 3
37 74 2
38 51 2
38 52 1
38 54 1
38 55 1
38 59 1
38 60 3
38 61 2
38 62 1
38 67 2
38 68 1
38 70 2
38 71 1
38 72 2
38 73 1
38 74 2
39 50 1
39 51 1
39 53 1
39 57 1
39 58 1
39 61 1
39 62 2
39 67 1
39 68 1
39 69 1
39 71 1
39 72 1
39 73 2
39 74 1
40 50 1
40 53 1
40 54 1
40 55 1
40 57 1
40 59 1
40 60 1
40 62 2
40 64 1
40 69 1
40 72 2
41 50 1
41 51 1
41 53 2
41 60 5
41 62 1
41 64 1
41 67 2
41 68 1
41 69 1
41 72 1
41 73 1
41 74 1
42 52 1
42 54 1
42 56 2
42 57 1
42 59 2
42 61 1
42 66 1
42 68 1
42 70 1
42 72 1
42 74 1
43 50 1
43 51 1
43 52 1
43 53 1
43 54 1
43 56 3
43 59 2
43 62 1
43 63 1
43 65 1
43 66 3
43 68 2
43 71 1
43 73 1
44 52 1
44 54 1
44 60 1
44 64 1
44 65 1
44 66 1
44 74 1
45 54 2
45 55 1
45 56 1
45 57 1
45 61 1
45 65 1
45 68 1
45 69 1
45 70 1
45 74 1
46 51 1
46 53 1
46 61 1
46 63 1
46 64 1
46 70 1
47 51 1
47 55 1
47 59 1
47 63 2
47 64 1
47 71 1
47 72 1
47 73 1
48 50 1
48 53 1
48 56 1
48 68 2
48 74 1
49 50 1
49 55 1
49 64 1
49 70 3
49 71 1
50 50 1
50 51 1
50 55 1
50 58 1
50 59 1
51 53 1
51 60 1
51 64 1
51 65 1
51 67 1
52 74 1
53 59 1
53 60 1
53 63 1
53 68 1
53 69 1
55 55 1
55 62 1
55 66 1
56 56 1
56 73 1
57 50 1
57 70 1
58 54 1
19 93 1
21 75 1
22 80 1
22 81 1
23 76 2
23 77 1
23 80 3
23 82 1
23 83 2
23 89 1
24 80 1
24 81 1
24 84 2
24 85 1
24 86 1
25 75 1
25 76 2
25 77 1
25 78 1
25 79 3
25 80 1
25 81 3
25 82 1
25 87 2
25 88 1
25 89 1
26 78 1
26 80 2
26 81 2
26 82 1
26 84 3
26 85 2
26 94 1
26 96 1
27 78 2
27 80 1
27 81 1
27 82 2
27 83 1
27 85 2
27 87 1
27 88 1
27 90 1
27 95 1
27 97 1
28 76 1
28 77 1
28 78 1
28 80 2
28 82 1
28 83 1
28 89 1
29 75 1
29 76 4
29 77 1
29 81 1
29 82 1
29 83 1
29 84 2
29 85 3
29 86 2
29 87 1
29 91 2
30 75 1
30 76 2
30 78 1
30 79 1
30 80 1
30 81 1
30 83 2
30 85 2
30 88 1
30 90 1
30 94 1
30 95 1
31 75 2
31 76 1
31 78 2
31 79 2
31 80 2
31 81 3
31 82 3
31 83 1
31 85 1
31 86 1
31 87 1
31 92 1
31 101 1
32 77 4
32 78 1
32 79 1
32 80 1
32 84 2
32 86 3
32 89 2
32 93 1
32 95 1
33 76 3
33 78 1
33 79 1
33 80 3
33 81 3
33 84 1
33 89 2
33 90 1
33 91 1
34 75 1
34 76 1
34 77 3
34 78 1
34 80 1
34 81 3
34 83 1
34 88 1
34 90 1
34 91 1
35 76 2
35 78 2
35 79 1
35 80 2
35 83 3
35 85 1
35 87 2
35 89 1
35 90 1
36 77 2
36 78 1
36 79 1
36 81 2
36 83 1
36 84 3
36 92 1
37 75 1
37 76 1
37 78 1
37 80 3
37 81 3
37 83 1
37 84 1
37 90 1
38 79 1
38 83 1
38 85 1
38 89 1
39 76 1
39 77 1
39 79 5
39 80 1
39 81 2
39 82 1
39 83 1
39 84 1
39 86 1
39 91 1
39 93 2
40 75 1
40 76 1
40 78 1
40 85 1
40 86 2
40 88 1
40 89 1
40 91 1
40 96 1
41 76 1
41 79 2
41 81 3
41 82 1
41 84 1
41 87 1
41 92 1
42 77 1
42 78 1
42 80 1
42 82 2
42 88 1
42 89 1
42 90 1
43 77 1
43 78 1
43 85 1
43 86 1
43 89 1
44 76 2
44 77 1
44 81 3
44 82 3
45 75 1
45 76 1
45 77 1
45 78 1
45 79 1
45 80 1
45 83 1
45 88 1
46 77 2
46 82 1
46 83 1
46 86 1
46 89 1
47 77 1
47 79 1
47 81 1
47 92 1
48 83 1
48 89 1
49 81 1
49 83 1
49 85 1
49 86 1
49 87 1
50 79 3
50 87 1
51 78 1
51 79 1
51 88 1
52 75 1
52 76 1
52 85 1
53 81 1
53 86 1
54 91 1
62 81 1
